2,4,4,1
-2.8224072158557822
-3.0756205961701615
-2.136656848368513
-3.5031966576294096
-0.03196108334044217
3.724145386257082
1.3481064399427458
4.3906760827910665
0.2698926795350638
0.010987263304556447
-0.8716638270174631
-2.747709609614492
-3.502809290698782
-1.4137317310869935
-1.8909968914170256
4.507947533855639
1.997691897591479
1.5102389006165555
-3.1170954529804504
3.6661831943437933
1.2459807400075313
-0.22433002417954329
3.204928928638105
3.664855148457929
2.463125626317506
-0.27752045067683234
2.6760186454542163
-2.9837153000821326
-4.533036455243224
-4.954087646193683
3.628310068165547
1.2034000096700745
2.9079047771670314
-4.357302199718348
-2.65632796233881
-0.41368042415780965
2.4332717271097026
-2.7207197728938146
2.7674068314840623
2.272824782605282
0.8501794849965659
-3.452999271055503
-3.2970352023067817
0.30758981506187516
3.2954275765170715
-3.4965742889187723
-3.7314706265448536
1.2182834206067181
4.358258773477672
-3.803629323118423
1.399795362256667
-3.9364735408867
2.1989069265185743
-0.01196624410677282
-4.8417301509297825
-1.960353673712667
-2.3217296208858644
-1.4248244506710215
0.4406564697138756
-0.6880424533620003
-1.7029316729236688
0.14308474084175468
-3.9272344936211905
-1.2257023341940658
1.9764814746986843
-2.595997532857825
2.562879663379612
-3.403610525035744
-3.6891915389452006
-2.7472639269454544
7.495318914078373
3.9797937198759885
-1.732824140886
4.005545307436751
2.945453173864589
-3.4496426503659885
-0.44092656194642216
