2,4,4,1
-4.141972391936545
3.5642363326011686
1.548767867937721
-3.3526305330784107
3.804743424431854
0.16947113299136615
-3.9818825064539576
3.668765837890913
2.508452272414229
-3.5525958602909737
-2.6306265519979966
-3.7433316328298174
-2.002309818624363
2.427263289830655
2.2543446621534606
-1.3750083837763878
2.5404715230544372
2.148522325336437
-3.7149581305497414
-3.33920246460253
-3.959439940618855
-3.8898902277043828
-1.1795314834354653
-5.200008697099067
2.5601432331066043
0.3661845602528367
-0.8393880882276049
2.3133282994851094
-4.791199455601912
2.5190148457507204
-1.4882282777666256
-1.544906055592025
2.034560616613584
2.568076891638253
2.417657428630944
-0.04905754607029858
-2.263916735449906
-2.586531880347704
4.053399862996955
-1.1639129521070966
-0.8750682606330146
2.532896401302918
2.9422136387828757
2.4998601352414345
-1.4169553887789788
-1.6916333569414532
-3.139914008788728
-2.491966239630005
-7.694431562981883
-0.8901184214058815
2.201143480462723
-3.3076719129491376
-1.2470548850591183
0.8611000242755225
-3.8093679208347186
1.3242045860314262
0.43848963969095955
1.8626123532613434
-0.35991231936503115
1.098758001250755
-0.6886502127409136
3.015590198236826
-1.6088320715091753
3.5756786082238845
-1.2312238205796135
-0.8270179040216487
3.2648283973831997
3.623597775179671
8.946831637396281
-0.5492993334273745
-0.5941874983896341
-0.6619896513448845
0.27115504648419186
2.9699178315071153
-1.4898584215855943
3.3682137927993185
-3.1747465090539215
