2,4,4,1
-3.1657401448065556
-1.299995570609237
0.1799228314273818
4.316300195760956
-2.8525179463806754
2.7605820703406123
3.6178123734827285
1.3095993953133251
-3.8140675293615667
-1.2246893779845727
1.3717648650587235
-5.113572309990166
4.676104197382026
2.426618367717174
-2.994513252240014
-0.8436370483839623
-2.3030457676241944
3.182545692430364
-3.504423741874068
-1.622442633699344
4.205900196637121
3.1321541212901547
-1.4313738874060664
-2.486003607771517
1.1128012721013818
4.586571812994272
2.316260446535941
-1.9347760382492407
2.9472178892942495
-1.9133229700258432
0.10092328488380788
-3.0818236727739476
-3.295227516910578
-0.8887696747815433
-1.0273175993948405
-0.6388180074748848
-2.920519423720186
-2.800036696656589
-3.459058375647632
-0.9004944244165711
4.679137973641549
0.8720203412370255
-3.5751731455591855
1.3549151252538778
-1.313958139913286
-5.236364598241776
-1.5072684667979692
0.3342837255794224
3.202319103639931
-1.8877882490742353
2.4713957267079385
0.21627596131712612
1.4485538301160983
2.0309980469580107
-0.3008006809244164
-2.473138644457457
-1.4121025057180663
-0.7036809749326214
2.276851991843977
1.362604559480549
-4.05617089821622
5.991320185614458
-2.204436401758654
0.03167288526489872
-1.1844989175785352
-1.0603121387553385
-1.690560829069785
-2.719673940760326
-0.0278969951852733
-3.9283977723812296
1.9927935079692836
0.4621548572145551
-5.284589020588318
1.5549168684428378
5.997744727613867
-2.435837465194039
-1.6698477387566621
